50

3

200

230

0 30 25 23 79 208 10
1 45 65 9 79 182 10
2 55 5 29 36 155 10
3 20 65 12 33 152 10
4 10 20 19 29 139 10
5 53 52 11 24 161 10
6 45 20 11 18 136 10
7 23 3 7 82 185 10
8 5 30 2 60 189 10
9 55 45 13 76 165 10
10 35 69 23 67 186 10
11 30 5 8 30 152 10
12 13 52 36 65 192 10
13 42 7 5 43 160 10
14 45 10 18 50 153 10
15 15 10 20 32 187 10
16 2 48 1 63 180 10
17 5 5 16 42 153 10
18 15 60 17 32 146 10
19 55 20 19 73 195 10
20 50 35 19 15 133 10
21 65 55 14 70 173 10
22 55 60 16 47 156 10
23 8 56 27 34 176 10
24 40 25 9 40 139 10
25 40 60 21 25 132 10
26 20 40 12 47 136 10
27 65 20 6 56 186 10
28 10 43 9 50 149 10
29 60 12 31 33 186 10
30 15 30 26 20 167 10
31 41 49 10 73 204 10
32 63 65 8 54 178 10
33 47 47 13 75 182 10
34 6 38 16 29 169 10
35 45 30 17 87 186 10
36 65 35 3 58 190 10
37 41 37 16 6 136 10
38 11 14 18 31 144 10
39 30 60 16 85 172 10
40 20 20 8 87 190 10
41 31 52 27 17 138 10
42 35 17 7 18 147 10
43 6 68 30 73 152 10
44 20 50 5 36 135 10
45 2 60 5 41 178 10
46 24 12 5 25 158 10
47 25 30 3 49 158 10
48 35 40 16 5 140 10
49 64 42 9 29 150 10
50 35 35 0 0 230 0

2